0.000000000000000000e+00 0.000000000000000000e+00 0.000000000000000000e+00 0.000000000000000000e+00 0.000000000000000000e+00 0.000000000000000000e+00 0.000000000000000000e+00 0.000000000000000000e+00 0.000000000000000000e+00 0.000000000000000000e+00 0.000000000000000000e+00 0.000000000000000000e+00 0.000000000000000000e+00 0.000000000000000000e+00 0.000000000000000000e+00 0.000000000000000000e+00 0.000000000000000000e+00 0.000000000000000000e+00 0.000000000000000000e+00 0.000000000000000000e+00 0.000000000000000000e+00 0.000000000000000000e+00 0.000000000000000000e+00 0.000000000000000000e+00 0.000000000000000000e+00 0.000000000000000000e+00 0.000000000000000000e+00 0.000000000000000000e+00 0.000000000000000000e+00 0.000000000000000000e+00 0.000000000000000000e+00 0.000000000000000000e+00 0.000000000000000000e+00 0.000000000000000000e+00 0.000000000000000000e+00 0.000000000000000000e+00 0.000000000000000000e+00 0.000000000000000000e+00 0.000000000000000000e+00 0.000000000000000000e+00 0.000000000000000000e+00 0.000000000000000000e+00 0.000000000000000000e+00 0.000000000000000000e+00 0.000000000000000000e+00 0.000000000000000000e+00 0.000000000000000000e+00 0.000000000000000000e+00 0.000000000000000000e+00 0.000000000000000000e+00 0.000000000000000000e+00 0.000000000000000000e+00 0.000000000000000000e+00 0.000000000000000000e+00 0.000000000000000000e+00 0.000000000000000000e+00 0.000000000000000000e+00 0.000000000000000000e+00 0.000000000000000000e+00 0.000000000000000000e+00
0.000000000000000000e+00 1.935474139322976728e-03 2.022080382598959777e-03 2.112728234913236781e-03 2.207296154154889025e-03 2.305558951326449561e-03 2.407165328517493329e-03 2.511614386878361499e-03 2.618232604922199856e-03 2.726153477581659372e-03 2.834302745082175994e-03 2.941392808529992662e-03 3.045930341905788482e-03 3.146241028653908815e-03 3.240514520551678913e-03 3.326870943191859685e-03 3.403447529577182436e-03 3.468500498398366209e-03 3.520513682483858344e-03 3.558302502772164345e-03 3.581100591198801541e-03 3.588617369105478495e-03 3.581058315738856312e-03 3.559104943899612551e-03 3.523857477085392056e-03 3.476748504265917208e-03 3.419439315014348620e-03 3.353711618933129680e-03 3.281366058798255731e-03 3.204136013700054336e-03 3.123621574042607756e-03 3.041245101835306393e-03 2.958227043385874225e-03 2.875578884870295254e-03 2.794109307878202015e-03 2.714439518268970189e-03 2.637024132989866480e-03 2.562174676793017424e-03 2.490083479886660497e-03 2.420846459155360803e-03 2.354483847259239860e-03 2.290958384855022473e-03 2.230190816477497975e-03 2.172072748636972445e-03 2.116477062311616225e-03 2.063266143473700166e-03 2.012298223619978475e-03 1.963432122486265252e-03 1.916530668328853904e-03 1.871463045156476724e-03 1.828106286309441565e-03 1.786346103111061210e-03 1.746077207924762653e-03 1.707203263905546740e-03 0.000000000000000000e+00 0.000000000000000000e+00 0.000000000000000000e+00 0.000000000000000000e+00 0.000000000000000000e+00 0.000000000000000000e+00
0.000000000000000000e+00 2.022080382598959777e-03 2.117759095300835673e-03 2.218461182571439001e-03 2.324133161880473798e-03 2.434605272578235866e-03 2.549561333679573223e-03 2.668505743942212356e-03 2.790729247887924636e-03 2.915276118890895458e-03 3.040916619810088081e-03 3.166129850275124346e-03 3.289103115087725626e-03 3.407754360340786107e-03 3.519783546445199706e-03 3.622756612015065776e-03 3.714221702559000315e-03 3.791851820386507588e-03 3.853601852323966948e-03 3.897862510373410836e-03 3.923590818306603271e-03 3.930397813916504911e-03 3.918579547025365269e-03 3.889086303242341759e-03 3.843435138720563329e-03 3.783579660183139081e-03 3.711756393141813458e-03 3.630328115442135392e-03 3.541641627895088674e-03 3.447912008463098737e-03 3.351139192379176332e-03 3.253057198511175117e-03 3.155112337724361778e-03 3.058464519425701991e-03 2.964005091224741761e-03 2.872385055710199777e-03 2.784048531622508940e-03 2.699267574466900250e-03 2.618175681429287492e-03 2.540798334776468628e-03 2.467079734423494736e-03 2.396905438499223866e-03 2.330121004038678348e-03 2.266546941803018744e-03 2.205990411846508407e-03 2.148254125433087143e-03 2.093142911738902785e-03 2.040468374256148350e-03 1.990052015358918531e-03 1.941727156675071000e-03 1.895339932842526540e-03 1.850749589695723733e-03 1.807828276221187238e-03 1.766460483137419039e-03 1.726542249589138166e-03 1.687980232841904777e-03 0.000000000000000000e+00 0.000000000000000000e+00 0.000000000000000000e+00 0.000000000000000000e+00
0.000000000000000000e+00 2.112728234913236781e-03 2.218461182571439001e-03 2.330406435520892931e-03 2.448614428262836651e-03 2.573009199578400914e-03 2.703348836992220273e-03 2.839180186480007393e-03 2.979789331972871984e-03 3.124150802580100920e-03 3.270880345358494288e-03 3.418198273836130750e-03 3.563912529948989015e-03 3.705432083066166615e-03 3.839821291388945297e-03 3.963903425447300177e-03 4.074415986546483896e-03 4.168211739750902686e-03 4.242488690630028848e-03 4.295022058788270161e-03 4.324364974825387758e-03 4.329985166003973325e-03 4.312313535791859574e-03 4.272695766759767623e-03 4.213255837543278606e-03 4.136695567806042764e-03 4.046062942888551534e-03 3.944522505307260229e-03 3.835154769826691883e-03 3.720801437770125848e-03 3.603962490408120414e-03 3.486742522155547239e-03 3.370838101495799745e-03 3.257555516275774388e-03 3.147848256493761092e-03 3.042365069532055460e-03 2.941501547331105363e-03 2.845450376041306836e-03 2.754247259014656543e-03 2.667810979626013615e-03 2.585977097191834162e-03 2.508525429593936110e-03 2.435201855329634062e-03 2.365735148424608428e-03 2.299849610885916149e-03 2.237274241085597699e-03 2.177749108921579746e-03 2.121029523446528280e-03 2.066888490225548755e-03 2.015117871921015720e-03 1.965528590317707717e-03 1.917950142508417690e-03 1.872229648183208056e-03 1.828230598141686704e-03 1.785831435247107113e-03 1.744924066996664854e-03 1.705412382701099660e-03 0.000000000000000000e+00 0.000000000000000000e+00 0.000000000000000000e+00
0.000000000000000000e+00 2.207296154154889025e-03 2.324133161880473798e-03 2.448614428262836651e-03 2.580942384709085033e-03 2.721188386475566212e-03 2.869242130268097237e-03 3.024751032353100669e-03 3.187050470924454679e-03 3.355087721642520133e-03 3.527345177285869451e-03 3.701771999203385798e-03 3.875737346307791664e-03 4.046021937074999533e-03 4.208866521222550706e-03 4.360094020980295748e-03 4.495314847691339252e-03 4.610211392016031091e-03 4.700879229115725345e-03 4.764183310645066054e-03 4.798073765445253110e-03 4.801804404963241554e-03 4.776010941175439471e-03 4.722632888745170385e-03 4.644695206212566020e-03 4.545992693634132338e-03 4.430734073200214528e-03 4.303201149587301301e-03 4.167464791787113369e-03 4.027180202489656115e-03 3.885465477246051545e-03 3.744853940650084544e-03 3.607303484862118409e-03 3.474244311497711336e-03 3.346648292238868332e-03 3.225106767534771570e-03 3.109907596729621308e-03 3.001105827658388011e-03 2.898585116063002488e-03 2.802108953107198836e-03 2.711361971181452772e-03 2.625982267617048976e-03 2.545585981920112876e-03 2.469785423061149430e-03 2.398201970764305292e-03 2.330474837114243289e-03 2.266266614823206956e-03 2.205266380532147023e-03 2.147190977823102646e-03 2.091784980034942266e-03 2.038819728136837157e-03 1.988091752338667050e-03 1.939420815459931644e-03 1.892647758837116313e-03 1.847632285414106505e-03 1.804250777649720958e-03 1.762394218356782335e-03 1.721966259235100305e-03 0.000000000000000000e+00 0.000000000000000000e+00
0.000000000000000000e+00 2.305558951326449561e-03 2.434605272578235866e-03 2.573009199578400914e-03 2.721188386475566212e-03 2.879434564779609525e-03 3.047850892158150693e-03 3.226273137609273790e-03 3.414174154975526624e-03 3.610553412002994941e-03 3.813817120512737538e-03 4.021659981597002810e-03 4.230966536277658632e-03 4.437757629938172445e-03 4.637213430383361167e-03 4.823805394036206895e-03 4.991561496072283340e-03 5.134468872275576093e-03 5.246986296725461400e-03 5.324602109621376540e-03 5.364343722482799864e-03 5.365136935793116124e-03 5.327935729039572424e-03 5.255592497426621497e-03 5.152498795585635713e-03 5.024075961313743260e-03 4.876217414039937283e-03 4.714776525759551730e-03 4.545164468822832093e-03 4.372085627505233919e-03 4.199406427802066487e-03 4.030133262218725011e-03 3.866467097545294492e-03 3.709903298298710891e-03 3.561351120831901269e-03 3.421254843160879532e-03 3.289705466331888442e-03 3.166537388399892194e-03 3.051408230457044318e-03 2.943862312719447774e-03 2.843379505754767538e-03 2.749411677754931387e-03 2.661409012693361550e-03 2.578838292248964142e-03 2.501194949976043996e-03 2.428010398291528208e-03 2.358855839256302021e-03 2.293343517346495709e-03 2.231126161449437963e-03 2.171895192145115866e-03 2.115378133831483879e-03 2.061335563468750902e-03 2.009557843018135691e-03 1.959861816206779489e-03 1.912087598163283910e-03 1.866095545698881605e-03 1.821763464233221641e-03 1.778984082809405764e-03 0.000000000000000000e+00 0.000000000000000000e+00
0.000000000000000000e+00 2.407165328517493329e-03 2.549561333679573223e-03 2.703348836992220273e-03 2.869242130268097237e-03 3.047850892158150693e-03 3.239605771170215795e-03 3.444659576983660158e-03 3.662760711112364020e-03 3.893097810571594097e-03 4.134119227946967193e-03 4.383338746644343219e-03 4.637150263739157723e-03 4.890688389952607337e-03 5.137786248139498621e-03 5.371090491824337572e-03 5.582388295861634431e-03 5.763173213789754036e-03 5.905423092187661940e-03 6.002492428510138728e-03 6.049957323322105104e-03 6.046225363309074355e-03 5.992758406424999497e-03 5.893849688920431602e-03 5.756013879317339356e-03 5.587142150852572424e-03 5.395609975036826447e-03 5.189499518639029488e-03 4.976034283155810270e-03 4.761252812494089909e-03 4.549894579239044390e-03 4.345443290023718631e-03 4.150267567960247428e-03 3.965807697077161631e-03 3.792771433147028564e-03 3.631316091648403160e-03 3.481205449103350665e-03 3.341937764736476954e-03 3.212845878604880454e-03 3.093172688927686102e-03 2.982126161532106141e-03 2.878918011800907315e-03 2.782789759539423900e-03 2.693029258718859266e-03 2.608980196459316590e-03 2.530046510829110553e-03 2.455693221161236138e-03 2.385444799117035150e-03 2.318881923672836201e-03 2.255637244619583710e-03 2.195390613074671513e-03 2.137864111693288903e-03 2.082817121850328267e-03 2.030041592444041098e-03 1.979357619506911647e-03 1.930609403399932830e-03 1.883661618064239127e-03 1.838396202472081372e-03 0.000000000000000000e+00 0.000000000000000000e+00
0.000000000000000000e+00 2.511614386878361499e-03 2.668505743942212356e-03 2.839180186480007393e-03 3.024751032353100669e-03 3.226273137609273790e-03 3.444659576983660158e-03 3.680563661444185859e-03 3.934218099843312180e-03 4.205224597470446843e-03 4.492291894310187356e-03 4.792930088119535907e-03 5.103125979216817029e-03 5.417048898958925357e-03 5.726866606043141614e-03 6.022777987406652093e-03 6.293377472158078433e-03 6.526434183619367335e-03 6.710081180455350000e-03 6.834273667130782992e-03 6.892233333255040097e-03 6.881521145908587982e-03 6.804434742025107855e-03 6.667610739123640794e-03 6.480951703712688368e-03 6.256181685663010292e-03 6.005388045291705675e-03 5.739832457547524441e-03 5.469172247722734262e-03 5.201096730722239332e-03 4.941295537950596457e-03 4.693644016792916304e-03 4.460498942328452489e-03 4.243024916130383982e-03 4.041501932404305102e-03 3.855589301965036287e-03 3.684538004751819387e-03 3.527353376829429205e-03 3.382914746315265984e-03 3.250060123052941029e-03 3.127643781623754698e-03 3.014573519357418609e-03 2.909833082229773896e-03 2.812494020247996874e-03 2.721720181894322910e-03 2.636767214661954375e-03 2.556978791439608843e-03 2.481780798810378358e-03 2.410674368284274841e-03 2.343228373447484893e-03 2.279071829049678002e-03 2.217886492194440229e-03 2.159399866352477385e-03 2.103378735441419501e-03 2.049623300486297286e-03 1.997961950477974025e-03 1.948246668652532914e-03 1.900349053228148847e-03 0.000000000000000000e+00 0.000000000000000000e+00
0.000000000000000000e+00 2.618232604922199856e-03 2.790729247887924636e-03 2.979789331972871984e-03 3.187050470924454679e-03 3.414174154975526624e-03 3.662760711112364020e-03 3.934218099843312180e-03 4.229568932452952047e-03 4.549179003817324478e-03 4.892393295340415407e-03 5.257075395429032343e-03 5.639068430973601109e-03 6.031634663701602485e-03 6.424988016967983842e-03 6.806099963334387437e-03 7.159007556938304720e-03 7.465836174597372150e-03 7.708617861375170917e-03 7.871725338198737668e-03 7.944424539983783659e-03 7.922839665142155860e-03 7.810693918648523200e-03 7.618568211620382717e-03 7.361935627984708512e-03 7.058608547044074172e-03 6.726304506879990028e-03 6.380827997958528688e-03 6.035048176178564247e-03 5.698591632361114240e-03 5.378037669788897530e-03 5.077387301426482778e-03 4.798625510081098826e-03 4.542262456480820193e-03 4.307796409250324622e-03 4.094080210585064952e-03 3.899595220916238485e-03 3.722646668039046418e-03 3.561496982436720450e-03 3.414452616876186529e-03 3.279917268196139591e-03 3.156421562312217155e-03 3.042636694211087525e-03 2.937377427590133570e-03 2.839598263819648454e-03 2.748385419659506255e-03 2.662946418726308204e-03 2.582598518497155118e-03 2.506756792189910200e-03 2.434922408725126181e-03 2.366671464178148488e-03 2.301644586485425588e-03 2.239537442482833571e-03 2.180092209960902191e-03 2.123090029191066885e-03 2.068344413186555455e-03 2.015695570589281626e-03 1.965005577431487745e-03 0.000000000000000000e+00 0.000000000000000000e+00
0.000000000000000000e+00 2.726153477581659372e-03 2.915276118890895458e-03 3.124150802580100920e-03 3.355087721642520133e-03 3.610553412002994941e-03 3.893097810571594097e-03 4.205224597470446843e-03 4.549179003817324478e-03 4.926620780105531866e-03 5.338146384176446074e-03 5.782629205514189068e-03 6.256369225276298823e-03 6.752097051158009559e-03 7.257974370656821578e-03 7.756873356326803200e-03 8.226366399149448450e-03 8.639922686010230793e-03 8.969650045045400588e-03 9.190437050748257244e-03 9.284631570555037031e-03 9.245810616781998878e-03 9.080233245513080406e-03 8.805386747020454291e-03 8.446215976196604427e-03 8.030444171721962468e-03 7.584430484746839535e-03 7.130428111056611243e-03 6.685388097849990705e-03 6.260970447638292136e-03 5.864266028556160831e-03 5.498797915181485862e-03 5.165519598056961086e-03 4.863667959559417504e-03 4.591425987404555362e-03 4.346403708067751552e-03 4.125968381262728676e-03 3.927459738162380511e-03 3.748322403867007657e-03 3.586181163880602582e-03 3.438878172048302501e-03 3.304485658040766209e-03 3.181303433564406074e-03 3.067847406088812599e-03 2.962833154478569046e-03 2.865157163387770014e-03 2.773877350131866322e-03 2.688193892907448247e-03 2.607430969081126967e-03 2.531019757487976227e-03 2.458482895789944507e-03 2.389420478100734522e-03 2.323497607391523251e-03 2.260433468435396869e-03 2.199991852585770312e-03 2.141973041268817497e-03 2.086206938377994403e-03 2.032547331446764999e-03 0.000000000000000000e+00 0.000000000000000000e+00
0.000000000000000000e+00 2.834302745082175994e-03 3.040916619810088081e-03 3.270880345358494288e-03 3.527345177285869451e-03 3.813817120512737538e-03 4.134119227946967193e-03 4.492291894310187356e-03 4.892393295340415407e-03 5.338146384176446074e-03 5.832361876121365876e-03 6.376054915907244935e-03 6.967181292600850041e-03 7.598974096865541289e-03 8.258002700294310786e-03 8.922338611290174873e-03 9.560582285244260264e-03 1.013283441927068269e-02 1.059464883071776532e-02 1.090418046042771275e-02 1.103110579183229356e-02 1.096425038561214642e-02 1.071461361452104646e-02 1.031234254468247832e-02 9.799103133735099364e-03 9.219158775171397424e-03 8.612221597264060891e-03 8.009499324074348739e-03 7.432724242096281318e-03 6.895127238481021416e-03 6.403273420512010754e-03 5.959005247301429192e-03 5.561108591361896454e-03 5.206579781960899919e-03 4.891512625156601603e-03 4.611679384775250329e-03 4.362887845116162136e-03 4.141184814452141157e-03 3.942959436747921036e-03 3.764983945971382348e-03 3.604417107439972668e-03 3.458786640692250707e-03 3.325960798900835444e-03 3.204115258444630281e-03 3.091698913349481045e-03 2.987400587811401415e-03 2.890117730335159309e-03 2.798927599442095019e-03 2.713061137833082306e-03 2.631879559645540576e-03 2.554853582208966092e-03 2.481545182718473529e-03 2.411591730852944825e-03 2.344692329879279925e-03 2.280596186358748497e-03 2.219092820476665107e-03 2.160003924937966679e-03 2.103176680414412317e-03 0.000000000000000000e+00 0.000000000000000000e+00
0.000000000000000000e+00 2.941392808529992662e-03 3.166129850275124346e-03 3.418198273836130750e-03 3.701771999203385798e-03 4.021659981597002810e-03 4.383338746644343219e-03 4.792930088119535907e-03 5.257075395429032343e-03 5.782629205514189068e-03 6.376054915907244935e-03 7.042358522006741950e-03 7.783357563975655535e-03 8.595094141423970796e-03 9.464347848178169750e-03 1.036461609289609717e-02 1.125271352857860202e-02 1.206817877643227670e-02 1.273829119725488832e-02 1.319041677485488853e-02 1.336973860791813851e-02 1.325566998058763830e-02 1.286861208727689207e-02 1.226319429741087180e-02 1.151185921910131624e-02 1.068713062856549954e-02 9.849266432042314001e-03 9.041241291507807684e-03 8.289339962711417265e-03 7.606558683863564978e-03 6.996626491400893648e-03 6.457494763292182319e-03 5.983927500841384854e-03 5.569236419762114802e-03 5.206351858030509178e-03 4.888432124118945003e-03 4.609175181289004719e-03 4.362949452281326621e-03 4.144820851581483730e-03 3.950524283669357498e-03 3.776408465624693511e-03 3.619370589979355526e-03 3.476789792968433632e-03 3.346463939277850418e-03 3.226551708781085284e-03 3.115520608864417746e-03 3.012100853498477383e-03 2.915244748256043059e-03 2.824091118996574674e-03 2.737934315998689916e-03 2.656197356697095370e-03 2.578408809183341775e-03 2.504183052453342120e-03 2.433203574624306139e-03 2.365208988252587990e-03 2.299981455463427377e-03 2.237337227943993808e-03 2.177119020317779940e-03 0.000000000000000000e+00 0.000000000000000000e+00
0.000000000000000000e+00 3.045930341905788482e-03 3.289103115087725626e-03 3.563912529948989015e-03 3.875737346307791664e-03 4.230966536277658632e-03 4.637150263739157723e-03 5.103125979216817029e-03 5.639068430973601109e-03 6.256369225276298823e-03 6.967181292600850041e-03 7.783357563975655535e-03 8.714373215010328202e-03 9.763686122363593803e-03 1.092299214001810417e-02 1.216427220176671473e-02 1.343089206408633329e-02 1.463164059720923824e-02 1.564461401207681637e-02 1.633787178675374929e-02 1.660615973449072399e-02 1.640885048547607861e-02 1.578637678677257891e-02 1.484379537088929488e-02 1.371284381960549865e-02 1.251521519424063714e-02 1.134190033237996408e-02 1.024930253333835271e-02 9.265199019475704040e-03 8.397641913866830260e-03 7.642912921123121324e-03 6.991270945499079154e-03 6.430595628836597265e-03 5.948470119055319395e-03 5.533248263882609499e-03 5.174516631480802209e-03 4.863221739268636795e-03 4.591626761799846856e-03 4.353191679537983354e-03 4.142427662128440359e-03 3.954751322106164063e-03 3.786350441468156695e-03 3.634065304092117064e-03 3.495286039062382461e-03 3.367864715010288751e-03 3.250040351489626514e-03 3.140374979089861299e-03 3.037699080326540166e-03 2.941065015501533736e-03 2.849707300642037675e-03 2.763008823790210483e-03 2.680472252571303431e-03 2.601696004673084532e-03 2.526354233952368515e-03 2.454180339962632081e-03 2.384953548183016327e-03 2.318488140176345417e-03 0.000000000000000000e+00 0.000000000000000000e+00 0.000000000000000000e+00
0.000000000000000000e+00 3.146241028653908815e-03 3.407754360340786107e-03 3.705432083066166615e-03 4.046021937074999533e-03 4.437757629938172445e-03 4.890688389952607337e-03 5.417048898958925357e-03 6.031634663701602485e-03 6.752097051158009559e-03 7.598974096865541289e-03 8.595094141423970796e-03 9.763686122363593803e-03 1.112407757927273352e-02 1.268335039969078169e-02 1.442221291531986353e-02 1.627487693933217516e-02 1.810801710130048245e-02 1.971386777988694966e-02 2.084060528885853941e-02 2.127103233812740676e-02 2.091791285322058477e-02 1.986828146613529161e-02 1.833913012797182274e-02 1.658206960604723806e-02 1.480464176625524708e-02 1.313993477091270762e-02 1.165348438070774005e-02 1.036431390537637283e-02 9.265057682149165433e-03 8.336090868587303637e-03 7.553877047809927532e-03 6.895275050999945775e-03 6.339434890825745329e-03 5.868401561201198879e-03 5.467092575361995679e-03 5.123011777479510691e-03 4.825882819844098948e-03 4.567287525802237423e-03 4.340343515659986912e-03 4.139430610852434106e-03 3.959964318667101232e-03 3.798210378478831389e-03 3.651133343747462335e-03 3.516272638548619336e-03 3.391640538543607732e-03 3.275637637397757918e-03 3.166982369674930468e-03 3.064651994209941204e-03 2.967833084864971403e-03 2.875880045913563245e-03 2.788280497697720028e-03 2.704626598720467207e-03 2.624591514936167394e-03 2.547910342634879689e-03 2.474364858713113367e-03 0.000000000000000000e+00 0.000000000000000000e+00 0.000000000000000000e+00 0.000000000000000000e+00
0.000000000000000000e+00 3.240514520551678913e-03 3.519783546445199706e-03 3.839821291388945297e-03 4.208866521222550706e-03 4.637213430383361167e-03 5.137786248139498621e-03 5.726866606043141614e-03 6.424988016967983842e-03 7.257974370656821578e-03 8.258002700294310786e-03 9.464347848178169750e-03 1.092299214001810417e-02 1.268335039969078169e-02 1.478873854279461747e-02 1.725503362945904687e-02 2.003104113679023482e-02 2.294056674149148531e-02 2.563117224450247103e-02 2.759733334641174124e-02 2.835024180698827653e-02 2.768164048338473890e-02 2.579958179777933069e-02 2.319266400599449482e-02 2.036619114656048127e-02 1.767236637464424109e-02 1.528713044792347903e-02 1.326140309766529746e-02 1.157900984105166703e-02 1.019631485268004262e-02 9.063562819420660499e-03 8.134414171767870294e-03 7.369225873368019479e-03 6.735449470561824005e-03 6.206895862466662792e-03 5.762683311444027900e-03 5.386210533810165992e-03 5.064273945534063584e-03 4.786351394231916530e-03 4.544037236367160122e-03 4.330602498060689282e-03 4.140653607062154233e-03 3.969866818244276001e-03 3.814779981424108561e-03 3.672627537078516132e-03 3.541208184168844787e-03 3.418777485233187845e-03 3.303959822618383110e-03 3.195675701306090275e-03 3.093081519078165562e-03 2.995519697500616599e-03 2.902477579044963982e-03 2.813553824061960484e-03 0.000000000000000000e+00 0.000000000000000000e+00 0.000000000000000000e+00 0.000000000000000000e+00 0.000000000000000000e+00 0.000000000000000000e+00 0.000000000000000000e+00
0.000000000000000000e+00 3.326870943191859685e-03 3.622756612015065776e-03 3.963903425447300177e-03 4.360094020980295748e-03 4.823805394036206895e-03 5.371090491824337572e-03 6.022777987406652093e-03 6.806099963334387437e-03 7.756873356326803200e-03 8.922338611290174873e-03 1.036461609289609717e-02 1.216427220176671473e-02 1.442221291531986353e-02 1.725503362945904687e-02 2.077238546963774621e-02 2.501403176608527415e-02 2.981731957873979752e-02 3.462200221427692848e-02 3.836983772140545312e-02 3.983976251855252115e-02 3.846188882651201124e-02 3.480590165598639041e-02 3.009265482052073115e-02 2.538016679159785585e-02 2.122844094325879519e-02 1.779986182837442824e-02 1.505436866667600807e-02 1.288198140657157223e-02 1.116574376526979599e-02 9.804358681173214185e-03 8.716842739149790673e-03 7.840639546431009757e-03 7.128063171620339922e-03 6.542853713275884053e-03 6.057352604258123795e-03 5.650336415980948199e-03 5.305404810192738962e-03 5.009795727126737340e-03 4.753516960281253985e-03 4.528707436896477201e-03 4.329163685755864008e-03 4.149984658954204361e-03 3.987301404002885352e-03 3.838067868105833006e-03 3.699896199425171950e-03 3.570924980759383489e-03 3.449712412811889450e-03 3.335148947117156423e-03 3.226385546335816014e-03 3.122774847473230517e-03 3.023823196785889369e-03 2.929151949006975932e-03 0.000000000000000000e+00 0.000000000000000000e+00 0.000000000000000000e+00 0.000000000000000000e+00 0.000000000000000000e+00 0.000000000000000000e+00 0.000000000000000000e+00
0.000000000000000000e+00 3.403447529577182436e-03 3.714221702559000315e-03 4.074415986546483896e-03 4.495314847691339252e-03 4.991561496072283340e-03 5.582388295861634431e-03 6.293377472158078433e-03 7.159007556938304720e-03 8.226366399149448450e-03 9.560582285244260264e-03 1.125271352857860202e-02 1.343089206408633329e-02 1.627487693933217516e-02 2.003104113679023482e-02 2.501403176608527415e-02 3.155058618432531048e-02 3.975380579072352455e-02 4.895768065618076592e-02 5.694217957685347026e-02 6.025971708710225333e-02 5.704279907585170506e-02 4.915872630542875155e-02 4.005488171671089948e-02 3.195107595241053478e-02 2.551307213420491576e-02 2.062748861922090310e-02 1.696726861337808506e-02 1.421740250674753854e-02 1.213111024955632056e-02 1.052818249419889586e-02 9.279998358497852304e-03 8.294980060609488323e-03 7.507461079908097495e-03 6.869811767117953334e-03 6.347026347505746804e-03 5.913030077950034123e-03 5.548153791172623188e-03 5.237393521413497358e-03 4.969198164853005570e-03 4.734613784855559379e-03 4.526670217341882338e-03 4.339933394767187501e-03 4.170171911571999603e-03 4.014103185289086793e-03 3.869195942944676954e-03 3.733513476044336265e-03 3.605587312846888527e-03 3.484314416446332788e-03 3.368873256981449234e-03 3.258655504074744243e-03 3.153210920836388952e-03 0.000000000000000000e+00 0.000000000000000000e+00 0.000000000000000000e+00 0.000000000000000000e+00 0.000000000000000000e+00 0.000000000000000000e+00 0.000000000000000000e+00 0.000000000000000000e+00
0.000000000000000000e+00 3.468500498398366209e-03 3.791851820386507588e-03 4.168211739750902686e-03 4.610211392016031091e-03 5.134468872275576093e-03 5.763173213789754036e-03 6.526434183619367335e-03 7.465836174597372150e-03 8.639922686010230793e-03 1.013283441927068269e-02 1.206817877643227670e-02 1.463164059720923824e-02 1.810801710130048245e-02 2.294056674149148531e-02 2.981731957873979752e-02 3.975380579072352455e-02 5.397216979509161794e-02 7.281944186672535679e-02 9.235218502093581194e-02 1.014972242859692453e-01 9.246228341685748531e-02 7.303946512751673115e-02 5.430175899262190686e-02 4.019239319372740205e-02 3.036409439133123250e-02 2.359443109039144684e-02 1.886753387586781114e-02 1.549497533207560424e-02 1.303303842375420213e-02 1.119640654725662272e-02 9.798819295226128545e-03 8.716046848615507589e-03 7.863293569548630846e-03 7.181347737691057796e-03 6.627967026171203459e-03 6.172420818173866841e-03 5.791964691040761212e-03 5.469518492421206711e-03 5.192107406702508102e-03 4.949794501163059385e-03 4.734934296099382531e-03 4.541638591697681922e-03 4.365384313235003838e-03 4.202717736681296605e-03 4.051025443772167216e-03 3.908352839164378964e-03 3.773257913262063109e-03 3.644692329217035301e-03 3.521904635448777979e-03 3.404362008058106452e-03 3.291687812555715593e-03 0.000000000000000000e+00 0.000000000000000000e+00 0.000000000000000000e+00 0.000000000000000000e+00 0.000000000000000000e+00 0.000000000000000000e+00 0.000000000000000000e+00 0.000000000000000000e+00
0.000000000000000000e+00 3.520513682483858344e-03 3.853601852323966948e-03 4.242488690630028848e-03 4.700879229115725345e-03 5.246986296725461400e-03 5.905423092187661940e-03 6.710081180455350000e-03 7.708617861375170917e-03 8.969650045045400588e-03 1.059464883071776532e-02 1.273829119725488832e-02 1.564461401207681637e-02 1.971386777988694966e-02 2.563117224450247103e-02 3.462200221427692848e-02 4.895768065618076592e-02 7.281944186672535679e-02 1.125565251719703036e-01 1.681689420352485698e-01 2.015614386574855477e-01 1.682895212634532012e-01 1.127975441075125679e-01 7.318060633433438877e-02 4.943851186164566897e-02 3.522179260566293824e-02 2.634892830875931388e-02 2.054824147278327268e-02 1.659382526250797671e-02 1.380004481833440287e-02 1.176605016771078288e-02 1.024712470856538153e-02 9.087841800432665609e-03 8.185927968604888097e-03 7.471935431174799719e-03 6.897378193800698595e-03 6.427573938737447812e-03 6.037195296246591902e-03 5.707430415270879631e-03 5.424125484407052791e-03 5.176539966115683081e-03 4.956491075120829197e-03 4.757749149859542663e-03 4.575596922272173045e-03 4.406497617961789917e-03 4.247837122618267937e-03 4.097718491917938001e-03 3.954795392036154073e-03 3.818136197741851725e-03 3.687113484535923646e-03 3.561315270536569502e-03 0.000000000000000000e+00 0.000000000000000000e+00 0.000000000000000000e+00 0.000000000000000000e+00 0.000000000000000000e+00 0.000000000000000000e+00 0.000000000000000000e+00 0.000000000000000000e+00 0.000000000000000000e+00
0.000000000000000000e+00 3.558302502772164345e-03 3.897862510373410836e-03 4.295022058788270161e-03 4.764183310645066054e-03 5.324602109621376540e-03 6.002492428510138728e-03 6.834273667130782992e-03 7.871725338198737668e-03 9.190437050748257244e-03 1.090418046042771275e-02 1.319041677485488853e-02 1.633787178675374929e-02 2.084060528885853941e-02 2.759733334641174124e-02 3.836983772140545312e-02 5.694217957685347026e-02 9.235218502093581194e-02 1.681689420352485698e-01 3.348975441449437151e-01 5.016289154232379532e-01 3.350297016940587125e-01 1.684331706699455644e-01 9.274829279657374748e-02 5.746983125457919700e-02 3.902849868091803204e-02 2.838619619576111808e-02 2.175850080566555170e-02 1.738316674586696045e-02 1.436090240754475146e-02 1.219695671377580073e-02 1.060179937193481137e-02 9.397062218099397346e-03 8.467984383006331092e-03 7.737935008255836591e-03 7.154081167167928440e-03 6.678985799908834613e-03 6.285506038689233840e-03 5.953599818830078785e-03 5.668271200519637253e-03 5.418212310685376239e-03 5.194879444438217468e-03 4.991843485937444078e-03 4.804315807174872922e-03 4.628788374500788019e-03 4.462750516597432070e-03 4.304459876065125888e-03 4.152754442592405254e-03 4.006898092508632755e-03 3.866455009906687428e-03 3.731189683732895595e-03 0.000000000000000000e+00 0.000000000000000000e+00 0.000000000000000000e+00 0.000000000000000000e+00 0.000000000000000000e+00 0.000000000000000000e+00 0.000000000000000000e+00 0.000000000000000000e+00 0.000000000000000000e+00
0.000000000000000000e+00 3.581100591198801541e-03 3.923590818306603271e-03 4.324364974825387758e-03 4.798073765445253110e-03 5.364343722482799864e-03 6.049957323322105104e-03 6.892233333255040097e-03 7.944424539983783659e-03 9.284631570555037031e-03 1.103110579183229356e-02 1.336973860791813851e-02 1.660615973449072399e-02 2.127103233812740676e-02 2.835024180698827653e-02 3.983976251855252115e-02 6.025971708710225333e-02 1.014972242859692453e-01 2.015614386574855477e-01 5.016289154232379532e-01 1.001699711426388806e+00 5.017738465031865713e-01 2.018512925877334052e-01 1.019319611004790432e-01 6.083921812186351974e-02 4.056376020850657738e-02 2.921822683359786774e-02 2.228213941705779744e-02 1.775903443320448957e-02 1.466238913615376845e-02 1.246074570315458541e-02 1.084752164727977551e-02 9.635724580447455750e-03 8.705876752341835945e-03 7.978562918113954461e-03 7.399179078187599276e-03 6.929083059395746945e-03 6.540270058920095303e-03 6.212068476188215005e-03 5.929031319451078842e-03 5.679552014177131729e-03 5.454925859736654489e-03 5.248688047553243946e-03 5.056124615635385067e-03 4.873893406708423685e-03 4.699717996528506372e-03 4.532133944183264380e-03 4.370276603537973266e-03 4.213705103522085750e-03 4.062259449992921753e-03 0.000000000000000000e+00 0.000000000000000000e+00 0.000000000000000000e+00 0.000000000000000000e+00 0.000000000000000000e+00 0.000000000000000000e+00 0.000000000000000000e+00 0.000000000000000000e+00 0.000000000000000000e+00 0.000000000000000000e+00
0.000000000000000000e+00 3.588617369105478495e-03 3.930397813916504911e-03 4.329985166003973325e-03 4.801804404963241554e-03 5.365136935793116124e-03 6.046225363309074355e-03 6.881521145908587982e-03 7.922839665142155860e-03 9.245810616781998878e-03 1.096425038561214642e-02 1.325566998058763830e-02 1.640885048547607861e-02 2.091791285322058477e-02 2.768164048338473890e-02 3.846188882651201124e-02 5.704279907585170506e-02 9.246228341685748531e-02 1.682895212634532012e-01 3.350297016940587125e-01 5.017738465031865713e-01 3.351886985244867390e-01 1.686076177291292999e-01 9.293965662654461724e-02 5.767964318915794197e-02 3.925832869250100998e-02 2.863761600718548947e-02 2.203303457019669537e-02 1.768222806450666512e-02 1.468571733791530949e-02 1.254847382008191133e-02 1.098058980506234905e-02 9.803215224497962427e-03 8.901006284912625979e-03 8.196662145127309868e-03 7.636618928153196192e-03 7.182686013022767518e-03 6.806993014218344282e-03 6.488851012123801436e-03 6.212752065327171828e-03 5.967057415490268496e-03 5.743104797276655030e-03 5.534569881298447881e-03 5.336981139823950351e-03 5.147328739061261468e-03 4.963735048586635085e-03 4.785171421507954798e-03 4.611215645742149094e-03 4.441848887918866014e-03 4.277291839011212841e-03 0.000000000000000000e+00 0.000000000000000000e+00 0.000000000000000000e+00 0.000000000000000000e+00 0.000000000000000000e+00 0.000000000000000000e+00 0.000000000000000000e+00 0.000000000000000000e+00 0.000000000000000000e+00 0.000000000000000000e+00
0.000000000000000000e+00 3.581058315738856312e-03 3.918579547025365269e-03 4.312313535791859574e-03 4.776010941175439471e-03 5.327935729039572424e-03 5.992758406424999497e-03 6.804434742025107855e-03 7.810693918648523200e-03 9.080233245513080406e-03 1.071461361452104646e-02 1.286861208727689207e-02 1.578637678677257891e-02 1.986828146613529161e-02 2.579958179777933069e-02 3.480590165598639041e-02 4.915872630542875155e-02 7.303946512751673115e-02 1.127975441075125679e-01 1.684331706699455644e-01 2.018512925877334052e-01 1.686076177291292999e-01 1.131466941853748742e-01 7.356379638673800347e-02 4.985887085765012411e-02 3.568254150941284342e-02 2.685330752830785914e-02 2.109941255753695205e-02 1.719474385252987500e-02 1.445330353424734149e-02 1.247369291649171215e-02 1.101043789742292729e-02 9.907133110556631816e-03 9.060309206428241585e-03 8.399131657913524659e-03 7.873589488496321800e-03 7.447417148512152675e-03 7.093749464266020481e-03 6.792400453088482185e-03 6.528124566948565084e-03 6.289474168529998743e-03 6.068013378757978679e-03 5.857738017176501027e-03 5.654610274644062719e-03 5.456157427009230600e-03 5.261111763401301981e-03 5.069086407542237362e-03 4.880290585931684917e-03 4.695290163965568087e-03 4.514817313540859904e-03 0.000000000000000000e+00 0.000000000000000000e+00 0.000000000000000000e+00 0.000000000000000000e+00 0.000000000000000000e+00 0.000000000000000000e+00 0.000000000000000000e+00 0.000000000000000000e+00 0.000000000000000000e+00 0.000000000000000000e+00
0.000000000000000000e+00 3.559104943899612551e-03 3.889086303242341759e-03 4.272695766759767623e-03 4.722632888745170385e-03 5.255592497426621497e-03 5.893849688920431602e-03 6.667610739123640794e-03 7.618568211620382717e-03 8.805386747020454291e-03 1.031234254468247832e-02 1.226319429741087180e-02 1.484379537088929488e-02 1.833913012797182274e-02 2.319266400599449482e-02 3.009265482052073115e-02 4.005488171671089948e-02 5.430175899262190686e-02 7.318060633433438877e-02 9.274829279657374748e-02 1.019319611004790432e-01 9.293965662654461724e-02 7.356379638673800347e-02 5.487766124088745701e-02 4.082472661267845526e-02 3.105789514876551929e-02 2.435480611729472916e-02 1.969951489423169694e-02 1.640332623940396820e-02 1.402201239773456093e-02 1.226945333285114730e-02 1.095824944050910466e-02 9.962668218073636450e-03 9.196045761021301446e-03 8.596970701747825433e-03 8.120748916087064395e-03 7.734073808540127375e-03 7.411673040020751169e-03 7.134188409669542721e-03 6.886823642971130581e-03 6.658457570735607650e-03 6.441021432711730062e-03 6.229008735080242623e-03 6.019039006885399702e-03 5.809438251076496501e-03 5.599829259009214862e-03 5.390743446141821327e-03 5.183272909643135175e-03 4.978779441545145082e-03 0.000000000000000000e+00 0.000000000000000000e+00 0.000000000000000000e+00 0.000000000000000000e+00 0.000000000000000000e+00 0.000000000000000000e+00 0.000000000000000000e+00 0.000000000000000000e+00 0.000000000000000000e+00 0.000000000000000000e+00 0.000000000000000000e+00
0.000000000000000000e+00 3.523857477085392056e-03 3.843435138720563329e-03 4.213255837543278606e-03 4.644695206212566020e-03 5.152498795585635713e-03 5.756013879317339356e-03 6.480951703712688368e-03 7.361935627984708512e-03 8.446215976196604427e-03 9.799103133735099364e-03 1.151185921910131624e-02 1.371284381960549865e-02 1.658206960604723806e-02 2.036619114656048127e-02 2.538016679159785585e-02 3.195107595241053478e-02 4.019239319372740205e-02 4.943851186164566897e-02 5.746983125457919700e-02 6.083921812186351974e-02 5.767964318915794197e-02 4.985887085765012411e-02 4.082472661267845526e-02 3.279741508365387193e-02 2.644300828440491677e-02 2.164830146706549566e-02 1.808622476481548669e-02 1.544149693149566085e-02 1.346673082591695082e-02 1.198069445670989046e-02 1.085325414387787110e-02 9.990772869050767307e-03 9.324957100439189989e-03 8.805014745149487149e-03 8.392345421939773759e-03 8.057032174221793672e-03 7.775579050810858470e-03 7.529491249314697494e-03 7.304400632921768770e-03 7.089511384252841081e-03 6.877195828502519204e-03 6.662621703896797268e-03 6.443343672163687370e-03 6.218840177774842375e-03 5.990014549329630497e-03 5.758700430500517456e-03 5.527215053386052776e-03 5.297993618726556074e-03 0.000000000000000000e+00 0.000000000000000000e+00 0.000000000000000000e+00 0.000000000000000000e+00 0.000000000000000000e+00 0.000000000000000000e+00 0.000000000000000000e+00 0.000000000000000000e+00 0.000000000000000000e+00 0.000000000000000000e+00 0.000000000000000000e+00
0.000000000000000000e+00 3.476748504265917208e-03 3.783579660183139081e-03 4.136695567806042764e-03 4.545992693634132338e-03 5.024075961313743260e-03 5.587142150852572424e-03 6.256181685663010292e-03 7.058608547044074172e-03 8.030444171721962468e-03 9.219158775171397424e-03 1.068713062856549954e-02 1.251521519424063714e-02 1.480464176625524708e-02 1.767236637464424109e-02 2.122844094325879519e-02 2.551307213420491576e-02 3.036409439133123250e-02 3.522179260566293824e-02 3.902849868091803204e-02 4.056376020850657738e-02 3.925832869250100998e-02 3.568254150941284342e-02 3.105789514876551929e-02 2.644300828440491677e-02 2.239839671367791982e-02 1.908680928965700296e-02 1.646832395154507189e-02 1.443277832806628795e-02 1.286260073412230989e-02 1.165532220693517133e-02 1.072810688114241712e-02 1.001575850184437469e-02 9.467099683501680255e-03 9.041537610303615469e-03 8.706356602257832311e-03 8.434801292921133981e-03 8.204851098468119927e-03 7.998532532960187305e-03 7.801595239006392513e-03 7.603372228368900781e-03 7.396658914909351804e-03 7.177485337537031253e-03 6.944718242890395195e-03 6.699499169444059730e-03 6.444580698608260751e-03 6.183650236340472103e-03 5.920726191493230414e-03 5.659684350849716362e-03 0.000000000000000000e+00 0.000000000000000000e+00 0.000000000000000000e+00 0.000000000000000000e+00 0.000000000000000000e+00 0.000000000000000000e+00 0.000000000000000000e+00 0.000000000000000000e+00 0.000000000000000000e+00 0.000000000000000000e+00 0.000000000000000000e+00
