0.000000000000000000e+00 0.000000000000000000e+00 0.000000000000000000e+00 0.000000000000000000e+00 0.000000000000000000e+00 0.000000000000000000e+00 0.000000000000000000e+00 0.000000000000000000e+00 0.000000000000000000e+00 0.000000000000000000e+00 0.000000000000000000e+00 0.000000000000000000e+00 0.000000000000000000e+00 0.000000000000000000e+00 0.000000000000000000e+00 0.000000000000000000e+00 0.000000000000000000e+00 0.000000000000000000e+00 0.000000000000000000e+00 0.000000000000000000e+00 0.000000000000000000e+00 0.000000000000000000e+00 0.000000000000000000e+00 0.000000000000000000e+00 0.000000000000000000e+00 0.000000000000000000e+00 0.000000000000000000e+00 0.000000000000000000e+00 0.000000000000000000e+00 0.000000000000000000e+00 0.000000000000000000e+00 0.000000000000000000e+00 0.000000000000000000e+00 0.000000000000000000e+00 0.000000000000000000e+00 0.000000000000000000e+00 0.000000000000000000e+00 0.000000000000000000e+00 0.000000000000000000e+00 0.000000000000000000e+00 0.000000000000000000e+00 0.000000000000000000e+00 0.000000000000000000e+00 0.000000000000000000e+00 0.000000000000000000e+00 0.000000000000000000e+00 0.000000000000000000e+00 0.000000000000000000e+00 0.000000000000000000e+00 0.000000000000000000e+00 0.000000000000000000e+00 0.000000000000000000e+00 0.000000000000000000e+00 0.000000000000000000e+00 0.000000000000000000e+00 0.000000000000000000e+00 0.000000000000000000e+00 0.000000000000000000e+00 0.000000000000000000e+00 0.000000000000000000e+00
0.000000000000000000e+00 2.000000000000000000e+00 5.000000000000000000e+00 1.000000000000000000e+01 1.700000000000000000e+01 2.600000000000000000e+01 3.700000000000000000e+01 5.000000000000000000e+01 6.500000000000000000e+01 8.200000000000000000e+01 1.010000000000000000e+02 1.220000000000000000e+02 1.450000000000000000e+02 1.700000000000000000e+02 1.970000000000000000e+02 2.260000000000000000e+02 2.570000000000000000e+02 2.900000000000000000e+02 3.250000000000000000e+02 3.620000000000000000e+02 4.010000000000000000e+02 4.420000000000000000e+02 4.850000000000000000e+02 5.300000000000000000e+02 5.770000000000000000e+02 6.260000000000000000e+02 6.770000000000000000e+02 7.300000000000000000e+02 7.850000000000000000e+02 8.420000000000000000e+02 9.010000000000000000e+02 9.620000000000000000e+02 1.025000000000000000e+03 1.090000000000000000e+03 1.157000000000000000e+03 1.226000000000000000e+03 1.297000000000000000e+03 1.370000000000000000e+03 1.445000000000000000e+03 1.522000000000000000e+03 1.601000000000000000e+03 1.682000000000000000e+03 1.765000000000000000e+03 1.850000000000000000e+03 1.937000000000000000e+03 2.026000000000000000e+03 2.117000000000000000e+03 2.210000000000000000e+03 2.305000000000000000e+03 2.402000000000000000e+03 2.501000000000000000e+03 2.602000000000000000e+03 2.705000000000000000e+03 2.810000000000000000e+03 0.000000000000000000e+00 0.000000000000000000e+00 0.000000000000000000e+00 0.000000000000000000e+00 0.000000000000000000e+00 0.000000000000000000e+00
0.000000000000000000e+00 5.000000000000000000e+00 8.000000000000000000e+00 1.300000000000000000e+01 2.000000000000000000e+01 2.900000000000000000e+01 4.000000000000000000e+01 5.300000000000000000e+01 6.800000000000000000e+01 8.500000000000000000e+01 1.040000000000000000e+02 1.250000000000000000e+02 1.480000000000000000e+02 1.730000000000000000e+02 2.000000000000000000e+02 2.290000000000000000e+02 2.600000000000000000e+02 2.930000000000000000e+02 3.280000000000000000e+02 3.650000000000000000e+02 4.040000000000000000e+02 4.450000000000000000e+02 4.880000000000000000e+02 5.330000000000000000e+02 5.800000000000000000e+02 6.290000000000000000e+02 6.800000000000000000e+02 7.330000000000000000e+02 7.880000000000000000e+02 8.450000000000000000e+02 9.040000000000000000e+02 9.650000000000000000e+02 1.028000000000000000e+03 1.093000000000000000e+03 1.160000000000000000e+03 1.229000000000000000e+03 1.300000000000000000e+03 1.373000000000000000e+03 1.448000000000000000e+03 1.525000000000000000e+03 1.604000000000000000e+03 1.685000000000000000e+03 1.768000000000000000e+03 1.853000000000000000e+03 1.940000000000000000e+03 2.029000000000000000e+03 2.120000000000000000e+03 2.213000000000000000e+03 2.308000000000000000e+03 2.405000000000000000e+03 2.504000000000000000e+03 2.605000000000000000e+03 2.708000000000000000e+03 2.813000000000000000e+03 2.920000000000000000e+03 3.029000000000000000e+03 0.000000000000000000e+00 0.000000000000000000e+00 0.000000000000000000e+00 0.000000000000000000e+00
0.000000000000000000e+00 1.000000000000000000e+01 1.300000000000000000e+01 1.800000000000000000e+01 2.500000000000000000e+01 3.400000000000000000e+01 4.500000000000000000e+01 5.800000000000000000e+01 7.300000000000000000e+01 9.000000000000000000e+01 1.090000000000000000e+02 1.300000000000000000e+02 1.530000000000000000e+02 1.780000000000000000e+02 2.050000000000000000e+02 2.340000000000000000e+02 2.650000000000000000e+02 2.980000000000000000e+02 3.330000000000000000e+02 3.700000000000000000e+02 4.090000000000000000e+02 4.500000000000000000e+02 4.930000000000000000e+02 5.380000000000000000e+02 5.850000000000000000e+02 6.340000000000000000e+02 6.850000000000000000e+02 7.380000000000000000e+02 7.930000000000000000e+02 8.500000000000000000e+02 9.090000000000000000e+02 9.700000000000000000e+02 1.033000000000000000e+03 1.098000000000000000e+03 1.165000000000000000e+03 1.234000000000000000e+03 1.305000000000000000e+03 1.378000000000000000e+03 1.453000000000000000e+03 1.530000000000000000e+03 1.609000000000000000e+03 1.690000000000000000e+03 1.773000000000000000e+03 1.858000000000000000e+03 1.945000000000000000e+03 2.034000000000000000e+03 2.125000000000000000e+03 2.218000000000000000e+03 2.313000000000000000e+03 2.410000000000000000e+03 2.509000000000000000e+03 2.610000000000000000e+03 2.713000000000000000e+03 2.818000000000000000e+03 2.925000000000000000e+03 3.034000000000000000e+03 3.145000000000000000e+03 0.000000000000000000e+00 0.000000000000000000e+00 0.000000000000000000e+00
0.000000000000000000e+00 1.700000000000000000e+01 2.000000000000000000e+01 2.500000000000000000e+01 3.200000000000000000e+01 4.100000000000000000e+01 5.200000000000000000e+01 6.500000000000000000e+01 8.000000000000000000e+01 9.700000000000000000e+01 1.160000000000000000e+02 1.370000000000000000e+02 1.600000000000000000e+02 1.850000000000000000e+02 2.120000000000000000e+02 2.410000000000000000e+02 2.720000000000000000e+02 3.050000000000000000e+02 3.400000000000000000e+02 3.770000000000000000e+02 4.160000000000000000e+02 4.570000000000000000e+02 5.000000000000000000e+02 5.450000000000000000e+02 5.920000000000000000e+02 6.410000000000000000e+02 6.920000000000000000e+02 7.450000000000000000e+02 8.000000000000000000e+02 8.570000000000000000e+02 9.160000000000000000e+02 9.770000000000000000e+02 1.040000000000000000e+03 1.105000000000000000e+03 1.172000000000000000e+03 1.241000000000000000e+03 1.312000000000000000e+03 1.385000000000000000e+03 1.460000000000000000e+03 1.537000000000000000e+03 1.616000000000000000e+03 1.697000000000000000e+03 1.780000000000000000e+03 1.865000000000000000e+03 1.952000000000000000e+03 2.041000000000000000e+03 2.132000000000000000e+03 2.225000000000000000e+03 2.320000000000000000e+03 2.417000000000000000e+03 2.516000000000000000e+03 2.617000000000000000e+03 2.720000000000000000e+03 2.825000000000000000e+03 2.932000000000000000e+03 3.041000000000000000e+03 3.152000000000000000e+03 3.265000000000000000e+03 0.000000000000000000e+00 0.000000000000000000e+00
0.000000000000000000e+00 2.600000000000000000e+01 2.900000000000000000e+01 3.400000000000000000e+01 4.100000000000000000e+01 5.000000000000000000e+01 6.100000000000000000e+01 7.400000000000000000e+01 8.900000000000000000e+01 1.060000000000000000e+02 1.250000000000000000e+02 1.460000000000000000e+02 1.690000000000000000e+02 1.940000000000000000e+02 2.210000000000000000e+02 2.500000000000000000e+02 2.810000000000000000e+02 3.140000000000000000e+02 3.490000000000000000e+02 3.860000000000000000e+02 4.250000000000000000e+02 4.660000000000000000e+02 5.090000000000000000e+02 5.540000000000000000e+02 6.010000000000000000e+02 6.500000000000000000e+02 7.010000000000000000e+02 7.540000000000000000e+02 8.090000000000000000e+02 8.660000000000000000e+02 9.250000000000000000e+02 9.860000000000000000e+02 1.049000000000000000e+03 1.114000000000000000e+03 1.181000000000000000e+03 1.250000000000000000e+03 1.321000000000000000e+03 1.394000000000000000e+03 1.469000000000000000e+03 1.546000000000000000e+03 1.625000000000000000e+03 1.706000000000000000e+03 1.789000000000000000e+03 1.874000000000000000e+03 1.961000000000000000e+03 2.050000000000000000e+03 2.141000000000000000e+03 2.234000000000000000e+03 2.329000000000000000e+03 2.426000000000000000e+03 2.525000000000000000e+03 2.626000000000000000e+03 2.729000000000000000e+03 2.834000000000000000e+03 2.941000000000000000e+03 3.050000000000000000e+03 3.161000000000000000e+03 3.274000000000000000e+03 0.000000000000000000e+00 0.000000000000000000e+00
0.000000000000000000e+00 3.700000000000000000e+01 4.000000000000000000e+01 4.500000000000000000e+01 5.200000000000000000e+01 6.100000000000000000e+01 7.200000000000000000e+01 8.500000000000000000e+01 1.000000000000000000e+02 1.170000000000000000e+02 1.360000000000000000e+02 1.570000000000000000e+02 1.800000000000000000e+02 2.050000000000000000e+02 2.320000000000000000e+02 2.610000000000000000e+02 2.920000000000000000e+02 3.250000000000000000e+02 3.600000000000000000e+02 3.970000000000000000e+02 4.360000000000000000e+02 4.770000000000000000e+02 5.200000000000000000e+02 5.650000000000000000e+02 6.120000000000000000e+02 6.610000000000000000e+02 7.120000000000000000e+02 7.650000000000000000e+02 8.200000000000000000e+02 8.770000000000000000e+02 9.360000000000000000e+02 9.970000000000000000e+02 1.060000000000000000e+03 1.125000000000000000e+03 1.192000000000000000e+03 1.261000000000000000e+03 1.332000000000000000e+03 1.405000000000000000e+03 1.480000000000000000e+03 1.557000000000000000e+03 1.636000000000000000e+03 1.717000000000000000e+03 1.800000000000000000e+03 1.885000000000000000e+03 1.972000000000000000e+03 2.061000000000000000e+03 2.152000000000000000e+03 2.245000000000000000e+03 2.340000000000000000e+03 2.437000000000000000e+03 2.536000000000000000e+03 2.637000000000000000e+03 2.740000000000000000e+03 2.845000000000000000e+03 2.952000000000000000e+03 3.061000000000000000e+03 3.172000000000000000e+03 3.285000000000000000e+03 0.000000000000000000e+00 0.000000000000000000e+00
0.000000000000000000e+00 5.000000000000000000e+01 5.300000000000000000e+01 5.800000000000000000e+01 6.500000000000000000e+01 7.400000000000000000e+01 8.500000000000000000e+01 9.800000000000000000e+01 1.130000000000000000e+02 1.300000000000000000e+02 1.490000000000000000e+02 1.700000000000000000e+02 1.930000000000000000e+02 2.180000000000000000e+02 2.450000000000000000e+02 2.740000000000000000e+02 3.050000000000000000e+02 3.380000000000000000e+02 3.730000000000000000e+02 4.100000000000000000e+02 4.490000000000000000e+02 4.900000000000000000e+02 5.330000000000000000e+02 5.780000000000000000e+02 6.250000000000000000e+02 6.740000000000000000e+02 7.250000000000000000e+02 7.780000000000000000e+02 8.330000000000000000e+02 8.900000000000000000e+02 9.490000000000000000e+02 1.010000000000000000e+03 1.073000000000000000e+03 1.138000000000000000e+03 1.205000000000000000e+03 1.274000000000000000e+03 1.345000000000000000e+03 1.418000000000000000e+03 1.493000000000000000e+03 1.570000000000000000e+03 1.649000000000000000e+03 1.730000000000000000e+03 1.813000000000000000e+03 1.898000000000000000e+03 1.985000000000000000e+03 2.074000000000000000e+03 2.165000000000000000e+03 2.258000000000000000e+03 2.353000000000000000e+03 2.450000000000000000e+03 2.549000000000000000e+03 2.650000000000000000e+03 2.753000000000000000e+03 2.858000000000000000e+03 2.965000000000000000e+03 3.074000000000000000e+03 3.185000000000000000e+03 3.298000000000000000e+03 0.000000000000000000e+00 0.000000000000000000e+00
0.000000000000000000e+00 6.500000000000000000e+01 6.800000000000000000e+01 7.300000000000000000e+01 8.000000000000000000e+01 8.900000000000000000e+01 1.000000000000000000e+02 1.130000000000000000e+02 1.280000000000000000e+02 1.450000000000000000e+02 1.640000000000000000e+02 1.850000000000000000e+02 2.080000000000000000e+02 2.330000000000000000e+02 2.600000000000000000e+02 2.890000000000000000e+02 3.200000000000000000e+02 3.530000000000000000e+02 3.880000000000000000e+02 4.250000000000000000e+02 4.640000000000000000e+02 5.050000000000000000e+02 5.480000000000000000e+02 5.930000000000000000e+02 6.400000000000000000e+02 6.890000000000000000e+02 7.400000000000000000e+02 7.930000000000000000e+02 8.480000000000000000e+02 9.050000000000000000e+02 9.640000000000000000e+02 1.025000000000000000e+03 1.088000000000000000e+03 1.153000000000000000e+03 1.220000000000000000e+03 1.289000000000000000e+03 1.360000000000000000e+03 1.433000000000000000e+03 1.508000000000000000e+03 1.585000000000000000e+03 1.664000000000000000e+03 1.745000000000000000e+03 1.828000000000000000e+03 1.913000000000000000e+03 2.000000000000000000e+03 2.089000000000000000e+03 2.180000000000000000e+03 2.273000000000000000e+03 2.368000000000000000e+03 2.465000000000000000e+03 2.564000000000000000e+03 2.665000000000000000e+03 2.768000000000000000e+03 2.873000000000000000e+03 2.980000000000000000e+03 3.089000000000000000e+03 3.200000000000000000e+03 3.313000000000000000e+03 0.000000000000000000e+00 0.000000000000000000e+00
0.000000000000000000e+00 8.200000000000000000e+01 8.500000000000000000e+01 9.000000000000000000e+01 9.700000000000000000e+01 1.060000000000000000e+02 1.170000000000000000e+02 1.300000000000000000e+02 1.450000000000000000e+02 1.620000000000000000e+02 1.810000000000000000e+02 2.020000000000000000e+02 2.250000000000000000e+02 2.500000000000000000e+02 2.770000000000000000e+02 3.060000000000000000e+02 3.370000000000000000e+02 3.700000000000000000e+02 4.050000000000000000e+02 4.420000000000000000e+02 4.810000000000000000e+02 5.220000000000000000e+02 5.650000000000000000e+02 6.100000000000000000e+02 6.570000000000000000e+02 7.060000000000000000e+02 7.570000000000000000e+02 8.100000000000000000e+02 8.650000000000000000e+02 9.220000000000000000e+02 9.810000000000000000e+02 1.042000000000000000e+03 1.105000000000000000e+03 1.170000000000000000e+03 1.237000000000000000e+03 1.306000000000000000e+03 1.377000000000000000e+03 1.450000000000000000e+03 1.525000000000000000e+03 1.602000000000000000e+03 1.681000000000000000e+03 1.762000000000000000e+03 1.845000000000000000e+03 1.930000000000000000e+03 2.017000000000000000e+03 2.106000000000000000e+03 2.197000000000000000e+03 2.290000000000000000e+03 2.385000000000000000e+03 2.482000000000000000e+03 2.581000000000000000e+03 2.682000000000000000e+03 2.785000000000000000e+03 2.890000000000000000e+03 2.997000000000000000e+03 3.106000000000000000e+03 3.217000000000000000e+03 3.330000000000000000e+03 0.000000000000000000e+00 0.000000000000000000e+00
0.000000000000000000e+00 1.010000000000000000e+02 1.040000000000000000e+02 1.090000000000000000e+02 1.160000000000000000e+02 1.250000000000000000e+02 1.360000000000000000e+02 1.490000000000000000e+02 1.640000000000000000e+02 1.810000000000000000e+02 2.000000000000000000e+02 2.210000000000000000e+02 2.440000000000000000e+02 2.690000000000000000e+02 2.960000000000000000e+02 3.250000000000000000e+02 3.560000000000000000e+02 3.890000000000000000e+02 4.240000000000000000e+02 4.610000000000000000e+02 5.000000000000000000e+02 5.410000000000000000e+02 5.840000000000000000e+02 6.290000000000000000e+02 6.760000000000000000e+02 7.250000000000000000e+02 7.760000000000000000e+02 8.290000000000000000e+02 8.840000000000000000e+02 9.410000000000000000e+02 1.000000000000000000e+03 1.061000000000000000e+03 1.124000000000000000e+03 1.189000000000000000e+03 1.256000000000000000e+03 1.325000000000000000e+03 1.396000000000000000e+03 1.469000000000000000e+03 1.544000000000000000e+03 1.621000000000000000e+03 1.700000000000000000e+03 1.781000000000000000e+03 1.864000000000000000e+03 1.949000000000000000e+03 2.036000000000000000e+03 2.125000000000000000e+03 2.216000000000000000e+03 2.309000000000000000e+03 2.404000000000000000e+03 2.501000000000000000e+03 2.600000000000000000e+03 2.701000000000000000e+03 2.804000000000000000e+03 2.909000000000000000e+03 3.016000000000000000e+03 3.125000000000000000e+03 3.236000000000000000e+03 3.349000000000000000e+03 0.000000000000000000e+00 0.000000000000000000e+00
0.000000000000000000e+00 1.220000000000000000e+02 1.250000000000000000e+02 1.300000000000000000e+02 1.370000000000000000e+02 1.460000000000000000e+02 1.570000000000000000e+02 1.700000000000000000e+02 1.850000000000000000e+02 2.020000000000000000e+02 2.210000000000000000e+02 2.420000000000000000e+02 2.650000000000000000e+02 2.900000000000000000e+02 3.170000000000000000e+02 3.460000000000000000e+02 3.770000000000000000e+02 4.100000000000000000e+02 4.450000000000000000e+02 4.820000000000000000e+02 5.210000000000000000e+02 5.620000000000000000e+02 6.050000000000000000e+02 6.500000000000000000e+02 6.970000000000000000e+02 7.460000000000000000e+02 7.970000000000000000e+02 8.500000000000000000e+02 9.050000000000000000e+02 9.620000000000000000e+02 1.021000000000000000e+03 1.082000000000000000e+03 1.145000000000000000e+03 1.210000000000000000e+03 1.277000000000000000e+03 1.346000000000000000e+03 1.417000000000000000e+03 1.490000000000000000e+03 1.565000000000000000e+03 1.642000000000000000e+03 1.721000000000000000e+03 1.802000000000000000e+03 1.885000000000000000e+03 1.970000000000000000e+03 2.057000000000000000e+03 2.146000000000000000e+03 2.237000000000000000e+03 2.330000000000000000e+03 2.425000000000000000e+03 2.522000000000000000e+03 2.621000000000000000e+03 2.722000000000000000e+03 2.825000000000000000e+03 2.930000000000000000e+03 3.037000000000000000e+03 3.146000000000000000e+03 3.257000000000000000e+03 3.370000000000000000e+03 0.000000000000000000e+00 0.000000000000000000e+00
0.000000000000000000e+00 1.450000000000000000e+02 1.480000000000000000e+02 1.530000000000000000e+02 1.600000000000000000e+02 1.690000000000000000e+02 1.800000000000000000e+02 1.930000000000000000e+02 2.080000000000000000e+02 2.250000000000000000e+02 2.440000000000000000e+02 2.650000000000000000e+02 2.880000000000000000e+02 3.130000000000000000e+02 3.400000000000000000e+02 3.690000000000000000e+02 4.000000000000000000e+02 4.330000000000000000e+02 4.680000000000000000e+02 5.050000000000000000e+02 5.440000000000000000e+02 5.850000000000000000e+02 6.280000000000000000e+02 6.730000000000000000e+02 7.200000000000000000e+02 7.690000000000000000e+02 8.200000000000000000e+02 8.730000000000000000e+02 9.280000000000000000e+02 9.850000000000000000e+02 1.044000000000000000e+03 1.105000000000000000e+03 1.168000000000000000e+03 1.233000000000000000e+03 1.300000000000000000e+03 1.369000000000000000e+03 1.440000000000000000e+03 1.513000000000000000e+03 1.588000000000000000e+03 1.665000000000000000e+03 1.744000000000000000e+03 1.825000000000000000e+03 1.908000000000000000e+03 1.993000000000000000e+03 2.080000000000000000e+03 2.169000000000000000e+03 2.260000000000000000e+03 2.353000000000000000e+03 2.448000000000000000e+03 2.545000000000000000e+03 2.644000000000000000e+03 2.745000000000000000e+03 2.848000000000000000e+03 2.953000000000000000e+03 3.060000000000000000e+03 3.169000000000000000e+03 3.280000000000000000e+03 0.000000000000000000e+00 0.000000000000000000e+00 0.000000000000000000e+00
0.000000000000000000e+00 1.700000000000000000e+02 1.730000000000000000e+02 1.780000000000000000e+02 1.850000000000000000e+02 1.940000000000000000e+02 2.050000000000000000e+02 2.180000000000000000e+02 2.330000000000000000e+02 2.500000000000000000e+02 2.690000000000000000e+02 2.900000000000000000e+02 3.130000000000000000e+02 3.380000000000000000e+02 3.650000000000000000e+02 3.940000000000000000e+02 4.250000000000000000e+02 4.580000000000000000e+02 4.930000000000000000e+02 5.300000000000000000e+02 5.690000000000000000e+02 6.100000000000000000e+02 6.530000000000000000e+02 6.980000000000000000e+02 7.450000000000000000e+02 7.940000000000000000e+02 8.450000000000000000e+02 8.980000000000000000e+02 9.530000000000000000e+02 1.010000000000000000e+03 1.069000000000000000e+03 1.130000000000000000e+03 1.193000000000000000e+03 1.258000000000000000e+03 1.325000000000000000e+03 1.394000000000000000e+03 1.465000000000000000e+03 1.538000000000000000e+03 1.613000000000000000e+03 1.690000000000000000e+03 1.769000000000000000e+03 1.850000000000000000e+03 1.933000000000000000e+03 2.018000000000000000e+03 2.105000000000000000e+03 2.194000000000000000e+03 2.285000000000000000e+03 2.378000000000000000e+03 2.473000000000000000e+03 2.570000000000000000e+03 2.669000000000000000e+03 2.770000000000000000e+03 2.873000000000000000e+03 2.978000000000000000e+03 3.085000000000000000e+03 3.194000000000000000e+03 0.000000000000000000e+00 0.000000000000000000e+00 0.000000000000000000e+00 0.000000000000000000e+00
0.000000000000000000e+00 1.970000000000000000e+02 2.000000000000000000e+02 2.050000000000000000e+02 2.120000000000000000e+02 2.210000000000000000e+02 2.320000000000000000e+02 2.450000000000000000e+02 2.600000000000000000e+02 2.770000000000000000e+02 2.960000000000000000e+02 3.170000000000000000e+02 3.400000000000000000e+02 3.650000000000000000e+02 3.920000000000000000e+02 4.210000000000000000e+02 4.520000000000000000e+02 4.850000000000000000e+02 5.200000000000000000e+02 5.570000000000000000e+02 5.960000000000000000e+02 6.370000000000000000e+02 6.800000000000000000e+02 7.250000000000000000e+02 7.720000000000000000e+02 8.210000000000000000e+02 8.720000000000000000e+02 9.250000000000000000e+02 9.800000000000000000e+02 1.037000000000000000e+03 1.096000000000000000e+03 1.157000000000000000e+03 1.220000000000000000e+03 1.285000000000000000e+03 1.352000000000000000e+03 1.421000000000000000e+03 1.492000000000000000e+03 1.565000000000000000e+03 1.640000000000000000e+03 1.717000000000000000e+03 1.796000000000000000e+03 1.877000000000000000e+03 1.960000000000000000e+03 2.045000000000000000e+03 2.132000000000000000e+03 2.221000000000000000e+03 2.312000000000000000e+03 2.405000000000000000e+03 2.500000000000000000e+03 2.597000000000000000e+03 2.696000000000000000e+03 2.797000000000000000e+03 2.900000000000000000e+03 0.000000000000000000e+00 0.000000000000000000e+00 0.000000000000000000e+00 0.000000000000000000e+00 0.000000000000000000e+00 0.000000000000000000e+00 0.000000000000000000e+00
0.000000000000000000e+00 2.260000000000000000e+02 2.290000000000000000e+02 2.340000000000000000e+02 2.410000000000000000e+02 2.500000000000000000e+02 2.610000000000000000e+02 2.740000000000000000e+02 2.890000000000000000e+02 3.060000000000000000e+02 3.250000000000000000e+02 3.460000000000000000e+02 3.690000000000000000e+02 3.940000000000000000e+02 4.210000000000000000e+02 4.500000000000000000e+02 4.810000000000000000e+02 5.140000000000000000e+02 5.490000000000000000e+02 5.860000000000000000e+02 6.250000000000000000e+02 6.660000000000000000e+02 7.090000000000000000e+02 7.540000000000000000e+02 8.010000000000000000e+02 8.500000000000000000e+02 9.010000000000000000e+02 9.540000000000000000e+02 1.009000000000000000e+03 1.066000000000000000e+03 1.125000000000000000e+03 1.186000000000000000e+03 1.249000000000000000e+03 1.314000000000000000e+03 1.381000000000000000e+03 1.450000000000000000e+03 1.521000000000000000e+03 1.594000000000000000e+03 1.669000000000000000e+03 1.746000000000000000e+03 1.825000000000000000e+03 1.906000000000000000e+03 1.989000000000000000e+03 2.074000000000000000e+03 2.161000000000000000e+03 2.250000000000000000e+03 2.341000000000000000e+03 2.434000000000000000e+03 2.529000000000000000e+03 2.626000000000000000e+03 2.725000000000000000e+03 2.826000000000000000e+03 2.929000000000000000e+03 0.000000000000000000e+00 0.000000000000000000e+00 0.000000000000000000e+00 0.000000000000000000e+00 0.000000000000000000e+00 0.000000000000000000e+00 0.000000000000000000e+00
0.000000000000000000e+00 2.570000000000000000e+02 2.600000000000000000e+02 2.650000000000000000e+02 2.720000000000000000e+02 2.810000000000000000e+02 2.920000000000000000e+02 3.050000000000000000e+02 3.200000000000000000e+02 3.370000000000000000e+02 3.560000000000000000e+02 3.770000000000000000e+02 4.000000000000000000e+02 4.250000000000000000e+02 4.520000000000000000e+02 4.810000000000000000e+02 5.120000000000000000e+02 5.450000000000000000e+02 5.800000000000000000e+02 6.170000000000000000e+02 6.560000000000000000e+02 6.970000000000000000e+02 7.400000000000000000e+02 7.850000000000000000e+02 8.320000000000000000e+02 8.810000000000000000e+02 9.320000000000000000e+02 9.850000000000000000e+02 1.040000000000000000e+03 1.097000000000000000e+03 1.156000000000000000e+03 1.217000000000000000e+03 1.280000000000000000e+03 1.345000000000000000e+03 1.412000000000000000e+03 1.481000000000000000e+03 1.552000000000000000e+03 1.625000000000000000e+03 1.700000000000000000e+03 1.777000000000000000e+03 1.856000000000000000e+03 1.937000000000000000e+03 2.020000000000000000e+03 2.105000000000000000e+03 2.192000000000000000e+03 2.281000000000000000e+03 2.372000000000000000e+03 2.465000000000000000e+03 2.560000000000000000e+03 2.657000000000000000e+03 2.756000000000000000e+03 2.857000000000000000e+03 0.000000000000000000e+00 0.000000000000000000e+00 0.000000000000000000e+00 0.000000000000000000e+00 0.000000000000000000e+00 0.000000000000000000e+00 0.000000000000000000e+00 0.000000000000000000e+00
0.000000000000000000e+00 2.900000000000000000e+02 2.930000000000000000e+02 2.980000000000000000e+02 3.050000000000000000e+02 3.140000000000000000e+02 3.250000000000000000e+02 3.380000000000000000e+02 3.530000000000000000e+02 3.700000000000000000e+02 3.890000000000000000e+02 4.100000000000000000e+02 4.330000000000000000e+02 4.580000000000000000e+02 4.850000000000000000e+02 5.140000000000000000e+02 5.450000000000000000e+02 5.780000000000000000e+02 6.130000000000000000e+02 6.500000000000000000e+02 6.890000000000000000e+02 7.300000000000000000e+02 7.730000000000000000e+02 8.180000000000000000e+02 8.650000000000000000e+02 9.140000000000000000e+02 9.650000000000000000e+02 1.018000000000000000e+03 1.073000000000000000e+03 1.130000000000000000e+03 1.189000000000000000e+03 1.250000000000000000e+03 1.313000000000000000e+03 1.378000000000000000e+03 1.445000000000000000e+03 1.514000000000000000e+03 1.585000000000000000e+03 1.658000000000000000e+03 1.733000000000000000e+03 1.810000000000000000e+03 1.889000000000000000e+03 1.970000000000000000e+03 2.053000000000000000e+03 2.138000000000000000e+03 2.225000000000000000e+03 2.314000000000000000e+03 2.405000000000000000e+03 2.498000000000000000e+03 2.593000000000000000e+03 2.690000000000000000e+03 2.789000000000000000e+03 2.890000000000000000e+03 0.000000000000000000e+00 0.000000000000000000e+00 0.000000000000000000e+00 0.000000000000000000e+00 0.000000000000000000e+00 0.000000000000000000e+00 0.000000000000000000e+00 0.000000000000000000e+00
0.000000000000000000e+00 3.250000000000000000e+02 3.280000000000000000e+02 3.330000000000000000e+02 3.400000000000000000e+02 3.490000000000000000e+02 3.600000000000000000e+02 3.730000000000000000e+02 3.880000000000000000e+02 4.050000000000000000e+02 4.240000000000000000e+02 4.450000000000000000e+02 4.680000000000000000e+02 4.930000000000000000e+02 5.200000000000000000e+02 5.490000000000000000e+02 5.800000000000000000e+02 6.130000000000000000e+02 6.480000000000000000e+02 6.850000000000000000e+02 7.240000000000000000e+02 7.650000000000000000e+02 8.080000000000000000e+02 8.530000000000000000e+02 9.000000000000000000e+02 9.490000000000000000e+02 1.000000000000000000e+03 1.053000000000000000e+03 1.108000000000000000e+03 1.165000000000000000e+03 1.224000000000000000e+03 1.285000000000000000e+03 1.348000000000000000e+03 1.413000000000000000e+03 1.480000000000000000e+03 1.549000000000000000e+03 1.620000000000000000e+03 1.693000000000000000e+03 1.768000000000000000e+03 1.845000000000000000e+03 1.924000000000000000e+03 2.005000000000000000e+03 2.088000000000000000e+03 2.173000000000000000e+03 2.260000000000000000e+03 2.349000000000000000e+03 2.440000000000000000e+03 2.533000000000000000e+03 2.628000000000000000e+03 2.725000000000000000e+03 2.824000000000000000e+03 0.000000000000000000e+00 0.000000000000000000e+00 0.000000000000000000e+00 0.000000000000000000e+00 0.000000000000000000e+00 0.000000000000000000e+00 0.000000000000000000e+00 0.000000000000000000e+00 0.000000000000000000e+00
0.000000000000000000e+00 3.620000000000000000e+02 3.650000000000000000e+02 3.700000000000000000e+02 3.770000000000000000e+02 3.860000000000000000e+02 3.970000000000000000e+02 4.100000000000000000e+02 4.250000000000000000e+02 4.420000000000000000e+02 4.610000000000000000e+02 4.820000000000000000e+02 5.050000000000000000e+02 5.300000000000000000e+02 5.570000000000000000e+02 5.860000000000000000e+02 6.170000000000000000e+02 6.500000000000000000e+02 6.850000000000000000e+02 7.220000000000000000e+02 7.610000000000000000e+02 8.020000000000000000e+02 8.450000000000000000e+02 8.900000000000000000e+02 9.370000000000000000e+02 9.860000000000000000e+02 1.037000000000000000e+03 1.090000000000000000e+03 1.145000000000000000e+03 1.202000000000000000e+03 1.261000000000000000e+03 1.322000000000000000e+03 1.385000000000000000e+03 1.450000000000000000e+03 1.517000000000000000e+03 1.586000000000000000e+03 1.657000000000000000e+03 1.730000000000000000e+03 1.805000000000000000e+03 1.882000000000000000e+03 1.961000000000000000e+03 2.042000000000000000e+03 2.125000000000000000e+03 2.210000000000000000e+03 2.297000000000000000e+03 2.386000000000000000e+03 2.477000000000000000e+03 2.570000000000000000e+03 2.665000000000000000e+03 2.762000000000000000e+03 2.861000000000000000e+03 0.000000000000000000e+00 0.000000000000000000e+00 0.000000000000000000e+00 0.000000000000000000e+00 0.000000000000000000e+00 0.000000000000000000e+00 0.000000000000000000e+00 0.000000000000000000e+00 0.000000000000000000e+00
0.000000000000000000e+00 4.010000000000000000e+02 4.040000000000000000e+02 4.090000000000000000e+02 4.160000000000000000e+02 4.250000000000000000e+02 4.360000000000000000e+02 4.490000000000000000e+02 4.640000000000000000e+02 4.810000000000000000e+02 5.000000000000000000e+02 5.210000000000000000e+02 5.440000000000000000e+02 5.690000000000000000e+02 5.960000000000000000e+02 6.250000000000000000e+02 6.560000000000000000e+02 6.890000000000000000e+02 7.240000000000000000e+02 7.610000000000000000e+02 8.000000000000000000e+02 8.410000000000000000e+02 8.840000000000000000e+02 9.290000000000000000e+02 9.760000000000000000e+02 1.025000000000000000e+03 1.076000000000000000e+03 1.129000000000000000e+03 1.184000000000000000e+03 1.241000000000000000e+03 1.300000000000000000e+03 1.361000000000000000e+03 1.424000000000000000e+03 1.489000000000000000e+03 1.556000000000000000e+03 1.625000000000000000e+03 1.696000000000000000e+03 1.769000000000000000e+03 1.844000000000000000e+03 1.921000000000000000e+03 2.000000000000000000e+03 2.081000000000000000e+03 2.164000000000000000e+03 2.249000000000000000e+03 2.336000000000000000e+03 2.425000000000000000e+03 2.516000000000000000e+03 2.609000000000000000e+03 2.704000000000000000e+03 2.801000000000000000e+03 0.000000000000000000e+00 0.000000000000000000e+00 0.000000000000000000e+00 0.000000000000000000e+00 0.000000000000000000e+00 0.000000000000000000e+00 0.000000000000000000e+00 0.000000000000000000e+00 0.000000000000000000e+00 0.000000000000000000e+00
0.000000000000000000e+00 4.420000000000000000e+02 4.450000000000000000e+02 4.500000000000000000e+02 4.570000000000000000e+02 4.660000000000000000e+02 4.770000000000000000e+02 4.900000000000000000e+02 5.050000000000000000e+02 5.220000000000000000e+02 5.410000000000000000e+02 5.620000000000000000e+02 5.850000000000000000e+02 6.100000000000000000e+02 6.370000000000000000e+02 6.660000000000000000e+02 6.970000000000000000e+02 7.300000000000000000e+02 7.650000000000000000e+02 8.020000000000000000e+02 8.410000000000000000e+02 8.820000000000000000e+02 9.250000000000000000e+02 9.700000000000000000e+02 1.017000000000000000e+03 1.066000000000000000e+03 1.117000000000000000e+03 1.170000000000000000e+03 1.225000000000000000e+03 1.282000000000000000e+03 1.341000000000000000e+03 1.402000000000000000e+03 1.465000000000000000e+03 1.530000000000000000e+03 1.597000000000000000e+03 1.666000000000000000e+03 1.737000000000000000e+03 1.810000000000000000e+03 1.885000000000000000e+03 1.962000000000000000e+03 2.041000000000000000e+03 2.122000000000000000e+03 2.205000000000000000e+03 2.290000000000000000e+03 2.377000000000000000e+03 2.466000000000000000e+03 2.557000000000000000e+03 2.650000000000000000e+03 2.745000000000000000e+03 2.842000000000000000e+03 0.000000000000000000e+00 0.000000000000000000e+00 0.000000000000000000e+00 0.000000000000000000e+00 0.000000000000000000e+00 0.000000000000000000e+00 0.000000000000000000e+00 0.000000000000000000e+00 0.000000000000000000e+00 0.000000000000000000e+00
0.000000000000000000e+00 4.850000000000000000e+02 4.880000000000000000e+02 4.930000000000000000e+02 5.000000000000000000e+02 5.090000000000000000e+02 5.200000000000000000e+02 5.330000000000000000e+02 5.480000000000000000e+02 5.650000000000000000e+02 5.840000000000000000e+02 6.050000000000000000e+02 6.280000000000000000e+02 6.530000000000000000e+02 6.800000000000000000e+02 7.090000000000000000e+02 7.400000000000000000e+02 7.730000000000000000e+02 8.080000000000000000e+02 8.450000000000000000e+02 8.840000000000000000e+02 9.250000000000000000e+02 9.680000000000000000e+02 1.013000000000000000e+03 1.060000000000000000e+03 1.109000000000000000e+03 1.160000000000000000e+03 1.213000000000000000e+03 1.268000000000000000e+03 1.325000000000000000e+03 1.384000000000000000e+03 1.445000000000000000e+03 1.508000000000000000e+03 1.573000000000000000e+03 1.640000000000000000e+03 1.709000000000000000e+03 1.780000000000000000e+03 1.853000000000000000e+03 1.928000000000000000e+03 2.005000000000000000e+03 2.084000000000000000e+03 2.165000000000000000e+03 2.248000000000000000e+03 2.333000000000000000e+03 2.420000000000000000e+03 2.509000000000000000e+03 2.600000000000000000e+03 2.693000000000000000e+03 2.788000000000000000e+03 2.885000000000000000e+03 0.000000000000000000e+00 0.000000000000000000e+00 0.000000000000000000e+00 0.000000000000000000e+00 0.000000000000000000e+00 0.000000000000000000e+00 0.000000000000000000e+00 0.000000000000000000e+00 0.000000000000000000e+00 0.000000000000000000e+00
0.000000000000000000e+00 5.300000000000000000e+02 5.330000000000000000e+02 5.380000000000000000e+02 5.450000000000000000e+02 5.540000000000000000e+02 5.650000000000000000e+02 5.780000000000000000e+02 5.930000000000000000e+02 6.100000000000000000e+02 6.290000000000000000e+02 6.500000000000000000e+02 6.730000000000000000e+02 6.980000000000000000e+02 7.250000000000000000e+02 7.540000000000000000e+02 7.850000000000000000e+02 8.180000000000000000e+02 8.530000000000000000e+02 8.900000000000000000e+02 9.290000000000000000e+02 9.700000000000000000e+02 1.013000000000000000e+03 1.058000000000000000e+03 1.105000000000000000e+03 1.154000000000000000e+03 1.205000000000000000e+03 1.258000000000000000e+03 1.313000000000000000e+03 1.370000000000000000e+03 1.429000000000000000e+03 1.490000000000000000e+03 1.553000000000000000e+03 1.618000000000000000e+03 1.685000000000000000e+03 1.754000000000000000e+03 1.825000000000000000e+03 1.898000000000000000e+03 1.973000000000000000e+03 2.050000000000000000e+03 2.129000000000000000e+03 2.210000000000000000e+03 2.293000000000000000e+03 2.378000000000000000e+03 2.465000000000000000e+03 2.554000000000000000e+03 2.645000000000000000e+03 2.738000000000000000e+03 2.833000000000000000e+03 0.000000000000000000e+00 0.000000000000000000e+00 0.000000000000000000e+00 0.000000000000000000e+00 0.000000000000000000e+00 0.000000000000000000e+00 0.000000000000000000e+00 0.000000000000000000e+00 0.000000000000000000e+00 0.000000000000000000e+00 0.000000000000000000e+00
0.000000000000000000e+00 5.770000000000000000e+02 5.800000000000000000e+02 5.850000000000000000e+02 5.920000000000000000e+02 6.010000000000000000e+02 6.120000000000000000e+02 6.250000000000000000e+02 6.400000000000000000e+02 6.570000000000000000e+02 6.760000000000000000e+02 6.970000000000000000e+02 7.200000000000000000e+02 7.450000000000000000e+02 7.720000000000000000e+02 8.010000000000000000e+02 8.320000000000000000e+02 8.650000000000000000e+02 9.000000000000000000e+02 9.370000000000000000e+02 9.760000000000000000e+02 1.017000000000000000e+03 1.060000000000000000e+03 1.105000000000000000e+03 1.152000000000000000e+03 1.201000000000000000e+03 1.252000000000000000e+03 1.305000000000000000e+03 1.360000000000000000e+03 1.417000000000000000e+03 1.476000000000000000e+03 1.537000000000000000e+03 1.600000000000000000e+03 1.665000000000000000e+03 1.732000000000000000e+03 1.801000000000000000e+03 1.872000000000000000e+03 1.945000000000000000e+03 2.020000000000000000e+03 2.097000000000000000e+03 2.176000000000000000e+03 2.257000000000000000e+03 2.340000000000000000e+03 2.425000000000000000e+03 2.512000000000000000e+03 2.601000000000000000e+03 2.692000000000000000e+03 2.785000000000000000e+03 2.880000000000000000e+03 0.000000000000000000e+00 0.000000000000000000e+00 0.000000000000000000e+00 0.000000000000000000e+00 0.000000000000000000e+00 0.000000000000000000e+00 0.000000000000000000e+00 0.000000000000000000e+00 0.000000000000000000e+00 0.000000000000000000e+00 0.000000000000000000e+00
0.000000000000000000e+00 6.260000000000000000e+02 6.290000000000000000e+02 6.340000000000000000e+02 6.410000000000000000e+02 6.500000000000000000e+02 6.610000000000000000e+02 6.740000000000000000e+02 6.890000000000000000e+02 7.060000000000000000e+02 7.250000000000000000e+02 7.460000000000000000e+02 7.690000000000000000e+02 7.940000000000000000e+02 8.210000000000000000e+02 8.500000000000000000e+02 8.810000000000000000e+02 9.140000000000000000e+02 9.490000000000000000e+02 9.860000000000000000e+02 1.025000000000000000e+03 1.066000000000000000e+03 1.109000000000000000e+03 1.154000000000000000e+03 1.201000000000000000e+03 1.250000000000000000e+03 1.301000000000000000e+03 1.354000000000000000e+03 1.409000000000000000e+03 1.466000000000000000e+03 1.525000000000000000e+03 1.586000000000000000e+03 1.649000000000000000e+03 1.714000000000000000e+03 1.781000000000000000e+03 1.850000000000000000e+03 1.921000000000000000e+03 1.994000000000000000e+03 2.069000000000000000e+03 2.146000000000000000e+03 2.225000000000000000e+03 2.306000000000000000e+03 2.389000000000000000e+03 2.474000000000000000e+03 2.561000000000000000e+03 2.650000000000000000e+03 2.741000000000000000e+03 2.834000000000000000e+03 2.929000000000000000e+03 0.000000000000000000e+00 0.000000000000000000e+00 0.000000000000000000e+00 0.000000000000000000e+00 0.000000000000000000e+00 0.000000000000000000e+00 0.000000000000000000e+00 0.000000000000000000e+00 0.000000000000000000e+00 0.000000000000000000e+00 0.000000000000000000e+00
